35.3465833928
36.6823679154
36.8176912545
37.4467365424
37.4834093505
38.2290570494
37.4881622607
34.6543699503
36.3364595483
36.6402721756
35.9053219652
34.5852174312
38.4567455954
35.085765693
37.5881157565
35.4806851993
36.5669734706
35.5502377594
34.0440277752
33.9409483971
35.5992457186
35.0581706649
34.9687103775
35.3672620682
36.7315973987
35.1094950645
34.1016666152
35.9605406407
36.3820107761
34.8529733574
39.0447885112
35.8210170957
34.0174211141
34.2263371692
35.6497059082
34.9737868712
34.1812962858
35.0855427174
36.1342331256
34.9526137319
34.3437956957
35.7287687764
35.1695990888
34.0027278026
36.4764384949
34.3787718073
35.0933783283
34.2606714573
35.9722578275
34.3438338071
34.1635038861
36.9544354105
39.2292540222
36.3343950149
38.8220333958
38.8360422985
38.979185469
37.6822404534
37.0326301671
35.9294728801
36.3656351257
34.0169042989
34.9470872022
34.1740153938
35.9868705998
34.2497347985
35.6268097646
34.9115497582
33.824608888
34.8037070766
35.6282613469
35.5202699542
34.2583697939
35.9782444842
35.679259682
35.2561775084
35.9925667846
34.453252912
35.0482998472
34.75691168
35.6847217932
35.8436933159
36.6095585146
35.1761857794
36.0053945507
35.8419046981
35.3604177873
34.6607182426
35.8959945722
34.9221291018
35.8799403015
35.9425408413
36.4004650275
37.0802566571
34.6172800695
36.3745330785
35.3812932276
35.4159686901
35.0349741436
37.566047978
37.3066907976
35.1968671677
35.651136343
34.9327363282
35.7201731359
35.8130914151
38.0518311208
35.6289808082
36.0941672133
36.392825896
37.7311969845
34.7071857289
34.8821286745
36.7301358821
35.9281018139
34.7366784514
35.7791362444
34.8471345313
35.7050037726
35.9738325393
34.7954563657
34.2300660446
36.146298861
35.1983574195
37.1116475131
37.0582881494
37.4866356466
35.6480768335
36.6743146094
35.5935042223
35.9417685428
35.0706425048
34.3797728047
35.8703618342
37.1755022179
35.8266913419
34.7028984995
34.8489904808
35.5884973241
34.5258752881
34.4915623332
35.3234935897
35.7952144325
34.9136928277
35.1893805829
35.9712906539
35.1386260702
35.8828585622
34.1114109643
35.770474764
34.9482752367
34.3747016599
35.4709217104
35.3781278853
35.4754718132
36.4944134465
34.3717548996
37.6857093353
35.052324275
33.9501915023
35.5481484694
36.5503954158
35.9678520173
37.5800899168
34.6564438473
35.133882951
35.2601505395
34.3498200027
36.6858343824
36.9636230671
37.3159416121
39.5590095488
38.9180009489
38.4872595888
40.1304465537
41.0624002336
36.3865660158
38.5514541276
40.6108439003
41.1370597018
41.657498659
39.056715703
40.7271582441
40.7722050136
41.5814889023
41.2723405299
41.4938104959
41.3077915312
37.9974134061
40.5231676777
40.2965294236
38.5794185081
39.5938188438
41.3288394045
39.2738113329
40.8081341413
40.2045290903
39.155788359
38.1728205141
41.0384076468
39.9615200415
39.3035839668
40.5603236924
39.6385777035
40.7673226085
40.0392178782
41.3053718801
38.7459338248
39.1164772511
39.3191758892
40.8427853587
38.7997897008
40.5481756685
38.7104691761
39.5029361421
39.3945630608
40.7809243328
40.6514783957
38.6366669013
39.3505845262
40.0245002346
40.2019303938
40.2721746838
40.2544336386
37.9524441212
37.1309944806
40.8380084515
40.743391802
39.3173204059
41.2279390018
41.3844533517
41.0522598891
39.290829773
41.6026284289
39.5319411053
40.8468481928
38.7461381651
40.1990974567
38.7555381178
39.3239502295
41.840293526
40.070675851
40.7456030264
40.5417217599
41.5087271022
38.8642253068
41.7288003127
41.0181924732
39.474900116
40.7678297655
40.9076217053
39.8240975844
37.3721050548
41.3950733806
40.5941645935
41.0293579818
40.668983836
40.5012843665
40.919048654
39.7920374862
40.4981499217
38.719986901
39.7840215634
41.0144487771
41.1925567238
37.8284529286
41.9111467578
39.8523918219
40.972304176
39.9801047509
39.7209599451
38.280913725
41.033200098
38.6505001979
37.9937917107
39.9677592554
39.9244173787
38.9152084322
40.2018496659
41.102785135
40.2208498377
39.9395625109
38.1458300404
41.4330618932
39.983937734
41.8598572351
42.1335480049
40.6446788667
39.7107958033
40.0875932773
41.1573004359
41.7811534223
38.669095116
39.1857706544
40.5184210801
41.8924653292
41.3009410359
40.4859446261
40.3602717031
41.3188581715
43.2279620233
42.4891103591
40.9627951522
42.063176534
42.3985415069
40.7421915815
42.0495332736
42.3630032623
42.8212038325
42.3517577625
43.5424034366
42.4236170407
42.063423278
41.8319918495
43.1863633442
41.2446034516
42.9752487173
41.7661368295
41.9691632564
43.1851146804
40.1895173161
44.3434675429
44.1523548256
39.3022260063
41.9560808598
44.4724245942
43.3051250139
41.8019360973
42.2709731768
43.1448591059
42.1189081538
41.7874349383
42.6714667124
42.2076140366
42.4024477254
42.1599485926
42.542636608
42.3127671586
42.3150852482
42.9837202371
41.8251633017
42.8212084765
41.2021312228
42.7861936213
41.5655258816
44.0929026019
43.3071058635
42.4543495693
43.5000721647
44.1843333063
44.0744016007
43.768728686
42.7092496229
43.5665495646
41.0839733838
41.4879207897
43.6535732762
43.3788294006
43.3750389271
43.6880978478
43.295379241
43.5099938279
39.454790821
40.8233657709
39.7121679254
40.7761617315
40.3780576732
42.4788058506
43.242998687
42.7642472749
42.1841242053
43.1643806938
42.3245530903
42.0106475331
41.3423115755
43.6008071703
42.4246212672
43.9216606703
42.5489037371
43.8731031943
43.6132116082
43.8153639621
43.5524295782
41.7966744145
42.904965712
44.0506599335
43.2824256201
41.8767704643
42.5570112027
43.5768811197
43.2117042607
43.0498635302
40.6111853429
42.5658156596
41.0784700501
41.3646268615
44.2642016168
42.9937246636
41.3280915278
44.1572843671
43.0220388098
43.27699552
42.1345594858
43.0092526047
42.1801294521
41.6340230154
42.3991620661
42.526976481
43.9404978712
40.8542434728
40.8390642775
42.2962985563
43.4932874061
42.2146760288
43.4045360216
43.8139921904
43.6515637361
43.3018298804
42.3031837333
41.4349095934
44.0124745362
43.7172522874
41.8109207973
42.4002106795
42.5773227618
43.6387400062
43.4449098532
42.0716665463
41.6692043983
43.7140601053
43.4574063402
42.6720406074
42.2756470464
43.3698924946
43.9766075066
41.2944909521
44.305516423
40.6346721186
43.0112669877
43.0887669301
41.4255279641
43.1756783825
42.7423233406
42.7586126154
43.3928941721
42.0422849962
42.0230683496
43.0539860347
44.2313042047
42.3382006953
43.2091059677
41.7615774796
41.3402567282
42.4011253659
43.071509714
41.6954244654
39.9037694347
41.2131787728
41.8800161997
41.551975686
41.9257693002
41.1737957091
41.3845981768
39.4163640953
41.2554783013
42.3544812112
40.2591287799
41.423779352
42.813940944
42.3773831209
42.8169731662
41.8900388123
42.0757738154
42.2266632084
42.8719504017
41.3474933283
41.4237121884
42.7434648961
43.056018637
41.7283094576
42.5111635186
42.5546203602
40.0754074212
42.2016724827
41.6420339038
41.3107982848
41.0800432546
41.8806853688
42.1360316298
41.4880817606
42.1469146695
42.9963850785
42.8348351217
42.2486633669
42.6462047067
42.1796277538
41.5896262003
40.109041203
41.1728711166
40.5323020705
42.3728917486
40.7246506476
39.6828885172
43.1639102562
42.9040344577
41.9356323131
41.5575369467
41.2111308437
43.0505225945
40.3907073912
41.2319680355
43.668679767
41.947753754
40.9915138593
42.8818252933
42.6773303466
41.4676952372
40.8607746451
42.3696918414
40.4049089433
40.8353825838
42.1942707319
43.4372295515
42.6167095942
40.5662405695
42.0543351554
43.6383176075
44.1506301001
43.6910828816
42.3239322721
44.3629247027
44.322957093
43.6084642861
45.049713349
44.3337254974
44.4626016974
43.2875467038
44.8762343403
42.1484496113
44.1640655276
44.5144054871
45.0206757228
44.3628316562
43.3980657237
44.9121378293
42.3782445565
42.1048814028
43.884150294
45.0162581016
44.740169328
40.5560465985
43.0918403533
44.1969521333
45.4107441086
44.944110841
43.1432095538
42.9242754337
45.0675055813
43.5143043773
43.5401972359
44.2736202267
44.5675191814
42.5109342761
42.9820070011
42.3736604669
44.2400933572
44.4587516
44.0078477189
43.8341432564
44.6253358523
44.8270654771
43.4942573455
44.5817029608
44.8037661387
44.6076425498
44.2939707709
44.9713577744
43.6409387868
45.2465209495
42.5145239973
