0.223905932998
0.166828851413
0.1557559148
0.158466934433
0.156099434739
0.187745679272
0.155635656185
0.199337179559
0.167174042338
0.164981248644
0.170174952845
0.184691219687
0.167333481677
0.175510835947
0.15977086456
0.19131226974
0.162303819627
0.173295444142
0.142912931364
0.148694109648
0.088750663709
0.102438504345
0.107041197195
0.108499792159
0.172547618731
0.181662706307
0.215239340732
0.171186987363
0.160299265066
0.187544764358
0.164268687505
0.167885249541
0.204965074268
0.209464670311
0.176364688958
0.232449382954
0.250896560248
0.231479604833
0.217628588382
0.24063381695
0.271650644819
0.225362488845
0.234698201629
0.248385125526
0.221700260552
0.309889810973
0.222426416634
0.248216009365
0.224368551768
0.251177496491
0.161452856549
0.0860953525286
0.0841441236726
0.0991005283825
0.111614246562
0.156777491835
0.12944495155
0.0872168046336
0.206256669369
0.183689296262
0.172317344841
0.21507123117
0.239011369258
0.221115374688
0.171742204068
0.215508499624
0.180216697419
0.189960682839
0.207959703185
0.193523924165
0.17674738626
0.180124445838
0.241474862259
0.211562474249
0.179022122406
0.184605302796
0.174820107635
0.212891042717
0.197196789214
0.197526188093
0.186173891969
0.179737453597
0.176655181089
0.195512674436
0.18852047363
0.175222461707
0.192469561714
0.188393367669
0.173845159832
0.189014756295
0.1757727334
0.172834591542
0.169930417471
0.161852672221
0.191412743444
0.17063734958
0.183933665117
0.178489658823
0.181392417208
0.176163639895
0.162808584338
0.185459075264
0.170993523745
0.187040817965
0.196167302112
0.170394735896
0.200253645227
0.178370444318
0.16949230504
0.171582196702
0.170591643132
0.213242896074
0.183424685088
0.175843223164
0.195296013078
0.197842881265
0.173310004596
0.19152972211
0.183298735051
0.170490251613
0.201629405401
0.220994474003
0.177000363965
0.185738575456
0.16568235078
0.16808968138
0.198025808769
0.175025422739
0.189117803003
0.172493084423
0.170393175896
0.186848384979
0.217348534701
0.1737410077
0.166008010074
0.193104691662
0.19422693515
0.188387184264
0.173446310936
0.213682160531
0.197091647943
0.177716836428
0.294106560612
0.181621011598
0.180174916343
0.168963687947
0.183018039949
0.173762463024
0.213388869977
0.177569140796
0.179222700336
0.209571630196
0.122226817874
0.127512090116
0.128117983088
0.110309142172
0.160464926406
0.101968492144
0.133368622118
0.178117024083
0.125198881719
0.108342547225
0.118114324121
0.102274672969
0.145603349944
0.135640926041
0.127879595703
0.155413940574
0.119215628214
0.110070937939
0.119614965162
0.120248735474
0.134402615626
0.119892508421
0.150915056663
0.21581859647
0.127214292529
0.119237437717
0.156286225391
0.215064876219
0.217910527631
0.125750126249
0.163668270948
0.205185826917
0.197094007682
0.198558434394
0.246761480943
0.217774889061
0.116365280048
0.141595051803
0.140207657342
0.113609962836
0.119334463704
0.202587682493
0.119521982693
0.148279348857
0.15178836784
0.113847311938
0.117952906116
0.133800275646
0.126373844923
0.111657296738
0.159324733885
0.115560254718
0.127293080139
0.121087443202
0.170908367946
0.113702596154
0.113661193986
0.11864489981
0.149598782119
0.12106543913
0.139823620366
0.119200794649
0.113458015916
0.113134872307
0.132323047466
0.135891055781
0.117621429285
0.114747057769
0.123526942937
0.124309900698
0.125645589328
0.12201137132
0.112589853288
0.115680071342
0.168994207516
0.142941615821
0.115415755865
0.156723683034
0.166441914984
0.152699339448
0.112727024487
0.200867575788
0.128967775815
0.15150098613
0.112296117135
0.117113950953
0.110740033634
0.112047393667
0.206369618511
0.12481415503
0.120970959661
0.118440110682
0.171564315895
0.109513340257
0.205132433748
0.134960171498
0.116376625267
0.130157044183
0.177652782589
0.120667757481
0.1175824014
0.192866122248
0.131393591319
0.154536935815
0.145477928824
0.138724732909
0.141400626542
0.119741860505
0.124803942242
0.111134858876
0.114083136974
0.139506514174
0.154012332803
0.117432705446
0.211278493994
0.132867364384
0.144388065833
0.115235180715
0.116984880342
0.114453830019
0.134910116135
0.119489654857
0.117971237872
0.128807331127
0.134983153598
0.123937308071
0.11698744578
0.134380311167
0.124421502953
0.119682792229
0.118950355954
0.147219740299
0.120818770577
0.198404429556
0.202321001311
0.137108498782
0.123775734742
0.13157696281
0.175048186524
0.150707319622
0.113372328428
0.116311967547
0.145050195669
0.18642986619
0.177371887871
0.150967373278
0.152479838933
0.357827626062
0.390344663066
0.388952633173
0.314865571912
0.327833114422
0.458327873977
0.402844159873
0.319794878908
0.317337166801
0.805210302782
0.358136299792
0.471046842772
0.556342333092
0.505033960368
0.453701962845
0.643297806625
0.420998113276
0.658728481435
0.608328916424
0.514472850425
0.923198713714
0.445447560867
1.00681218041
0.717963493004
0.429709120635
0.513679185483
0.898163121417
0.519962251252
0.458804990654
0.589947886789
0.627202505766
0.443653473108
0.446484505947
0.470382088569
0.465017827284
0.508290617768
0.521420422571
0.556222743429
0.477589020966
0.497081624743
0.642406504117
0.600030636232
0.524912951846
0.489149082777
0.493735911043
0.243579000627
0.296965045086
0.705981399741
0.24429067529
0.292647301809
0.286230184051
0.728921730286
0.433480217975
0.289546896784
0.366725181041
0.226527941211
0.202374999057
0.379016341937
0.233174228134
0.583987119465
0.520913245917
0.388089303157
0.218834770025
0.235746048095
0.199851735971
0.189043139487
0.25640063853
0.193933997767
0.0981414342081
0.138318457637
0.18880937743
0.148171058429
0.193749016644
0.167980194286
0.107484807666
0.20146843402
0.171318833305
0.111551880919
0.172411965167
0.1639147706
0.222348502282
0.275514631381
0.21320698395
0.289918379066
0.143055821894
0.156248253322
0.208835355956
0.256253916455
0.141093702805
0.157456031152
0.201343679161
0.20544919439
0.169957137727
0.154515955385
0.166651053217
0.137704766569
0.15221324645
0.340056560686
0.165096720419
0.135546197344
0.43499764107
0.184280954678
0.194894052413
0.15323960172
0.169564685824
0.160996803083
0.152644121885
0.174223963618
0.15968704969
0.286707554506
0.136594130276
0.146624503178
0.18837089341
0.24609516526
0.152814539841
0.210619526441
0.192775955331
0.210286863572
0.207071436502
0.149254872779
0.136096151868
0.375672417143
0.223286859678
0.15108214332
0.16694309723
0.172394047168
0.25746754741
0.284630783131
0.18126245549
0.154834006045
0.215165244047
0.195969077309
0.159803369147
0.15520464155
0.212685692189
0.291243768847
0.137240588972
0.267241049423
0.134567832845
0.166369771753
0.253842244922
0.137721476533
0.187179852377
0.155462517843
0.157227804978
0.26755880574
0.14756880162
0.157063020734
0.165777265258
0.278817290376
0.149577507475
0.306006112419
0.22492067105
0.269807401411
0.28648393048
0.314462491184
0.229308722315
0.217272003785
0.228190770173
0.21653394713
0.208173297091
0.228262759927
0.235823875951
0.21481032067
0.242628007812
0.239903276269
0.28315240581
0.204167929675
0.224191540842
0.283023414891
0.244974123167
0.234273129747
0.215471389689
0.221637712856
0.241797816352
0.306521908685
0.256981142148
0.312056381676
0.382165112455
0.247822481956
0.230713845858
0.282945441834
0.369893982362
0.222222737823
0.259877853306
0.251010174803
0.272346550274
0.231193988299
0.226762461825
0.322004955245
0.292952212036
0.2639575465
0.285188798534
0.272537782393
0.232347965963
0.278628902676
0.233773507359
0.217425302485
0.22335261095
0.209772839036
0.21526700069
0.292022400672
0.208670920573
0.227088514354
0.325207917744
0.290951926367
0.332838743195
0.303252121943
0.25814462102
0.33321544156
0.250227167194
0.242363893683
0.391236930244
0.26646445376
0.224504319999
0.234369669625
0.24715086884
0.207180966902
0.214863256477
0.302654151443
0.21521177477
0.206616021304
0.231767202806
0.321348684213
0.260214469673
0.198452987813
0.183599933891
0.297754710705
0.238584685235
0.457863421823
0.229627540013
0.220963762065
0.228701029542
0.225569905838
0.262748449529
0.21278060312
0.291454456047
0.198402487067
0.250631965185
0.210095497723
0.232339527378
0.224079094547
0.235028400564
0.247108113742
0.222124147444
0.33374861699
0.199332155448
0.255958316646
0.235845124417
0.242719167821
0.25954011501
0.244099860655
0.200575809439
0.368403293803
0.314696709568
0.235469959716
0.209654285426
0.280114332269
0.275015093127
0.208697053243
0.227616538358
0.954717441018
0.197263047621
0.103414502954
0.12054552758
0.0890617545983
0.141254202601
0.200258071902
0.246511864633
0.174238940337
0.447832632795
0.185705412075
0.171796430655
0.478371053196
0.346181483252
0.500544949291
0.171046154322
0.187508839367
0.194013591972
0.560317445151
0.241428134977
